SAMPLE1	#SnpsAut	#SNPsX	#SnpsY	NrAut	NrX	NrY
SAMPLE2	1150639	49704	32670	793450	16826	10482
SAMPLE3	1150639	49704	32670	798113	34509	192
SAMPLE4	1150639	49704	32670	1708520	30367	25196
SAMPLE5	1150639	49704	32670	970928	40574	175
SAMPLE6	1150639	49704	32670	363308	7533	4800
SAMPLE7	1150639	49704	32670	472278	19662	88
SAMPLE8	1150639	49704	32670	8774	156	104
SAMPLE9	1150639	49704	32670	1299329	46274	341
SAMPLE10	1150639	49704	32670	33	0	0
SAMPLE11	1150639	49704	32670	719068	30453	174
SAMPLE12	1150639	49704	32670	867988	30079	216
SAMPLE13	1150639	49704	32670	541696	19214	122
SAMPLE14	1150639	49704	32670	2386212	41339	33781
SAMPLE15	1150639	49704	32670	412062	7074	6077
SAMPLE16	1150639	49704	32670	805234	17093	10522
SAMPLE17	1150639	49704	32670	1670276	29177	23905
SAMPLE18	1150639	49704	32670	1263669	54373	251
SAMPLE19	1150639	49704	32670	1599366	27127	21984
SAMPLE20	1150639	49704	32670	5	0	0
SAMPLE21	1150639	49704	32670	294507	12439	26
SAMPLE22	1150639	49704	32670	259069	9302	64
SAMPLE23	1150639	49704	32670	157953	2858	2341
SAMPLE24	1150639	49704	32670	748959	26473	134
SAMPLE25	1150639	49704	32670	631397	13395	8406
SAMPLE26	1150639	49704	32670	1868270	65081	278
SAMPLE27	1150639	49704	32670	1324306	45623	271
SAMPLE28	1150639	49704	32670	1438771	24913	21000
SAMPLE29	1150639	49704	32670	1245641	21670	17917
SAMPLE30	1150639	49704	32670	2041486	35857	29129
SAMPLE31	1150639	49704	32670	916905	19377	11986
SAMPLE32	1150639	49704	32670	6	0	0
SAMPLE33	1150639	49704	32670	226535	7974	42
SAMPLE34	1150639	49704	32670	1860766	65351	478
SAMPLE35	1150639	49704	32670	418589	8818	5367
SAMPLE36	1150639	49704	32670	1645221	57025	408
SAMPLE37	1150639	49704	32670	721822	25332	172
SAMPLE38	1150639	49704	32670	1077050	37197	146
SAMPLE39	1150639	49704	32670	1067060	36452	143
SAMPLE40	1150639	49704	32670	408219	17587	79
SAMPLE41	1150639	49704	32670	1920119	66120	499
SAMPLE42	1150639	49704	32670	1651376	28945	23543
SAMPLE43	1150639	49704	32670	28660	999	41
SAMPLE44	1150639	49704	32670	906894	16610	12644
SAMPLE45	1150639	49704	32670	958223	39826	225
SAMPLE46	1150639	49704	32670	574282	24398	159
SAMPLE47	1150639	49704	32670	1513927	55176	227
SAMPLE48	1150639	49704	32670	776236	13586	11116
SAMPLE49	1150639	49704	32670	25768	478	380
SAMPLE50	1150639	49704	32670	28	0	0
SAMPLE51	1150639	49704	32670	741464	12317	9946
SAMPLE52	1150639	49704	32670	148451	2679	2103
SAMPLE53	1150639	49704	32670	597049	12545	7859
SAMPLE54	1150639	49704	32670	1478802	26210	21275
SAMPLE55	1150639	49704	32670	17	0	0
SAMPLE56	1150639	49704	32670	541990	20119	104
SAMPLE57	1150639	49704	32670	1033086	18847	15827
